0
5700
9500
13200
17300
21600
26100
30200
34600
38900
43400
47300
51700
56300
60600
64500
69000
73400
77800
82200
86100
91100
106000
101300
103200
108000
103200
123900
116300
125100
124700
128200
134500
133600
141700
137200
152900
152300
236700
166300
171100
173100
163700
167600
171400
175100
179800
184200
190300
345500
217200
229100
228200
225800
224000
237100
243900
245800
251400
258800
263500
270800
275300
276100
287300
290100
301200
289800
291800
296200
300600
304700
314300
310600
325200
324700
323600
376800
363000
641600
1.3445e+06
1.2449e+06
361300
375300
361800
359700
366700
377100
390900
384300
392500
393600
360100
493000
400000
406000
395400
421300
465600
423400
431100
433600
439900
442600
446700
453700
454600
460600
464600
475500
474400
501900
477200
519200
656000
519400
516900
526700
502700
511100
539800
548900
531300
517200
495200
495400
492600
540700
542400
545700
577400
577700
594500
587900
574400
594900
612700
604200
555600
561900
561100
608800
599000
623000
891700
644300
642900
684900
594000
616300
600100
604500
611600
735100
664900
690300
771400
630600
641300
640800
634400
626100
629100
636700
667800
703800
738600
692100
859600
804100
731600
752600
767900
747400
786000
811700
822300
841800
808200
780000
823400
801200
797600
809100
800700
824200
810900
817500
835900
956400
874500
893100
976900
847800
856300
885100
884800
893000
866400
875700
870100
883700
872700
902800
993100
988300
976900
1.0155e+06
1.0355e+06
950400
939700
934100
949700
939800
892200
868400
863000
854300
865700
862800
855800
919000
929300
907900
872700
962800
1.0205e+06
1.0021e+06
1.0013e+06
1.0152e+06
1.0439e+06
1.0167e+06
1.0501e+06
1.0519e+06
1.049e+06
1.0017e+06
967800
1.0267e+06
1.0149e+06
1.0644e+06
1.0534e+06
1.0773e+06
1.1428e+06
1.0898e+06
1.0813e+06
1.0735e+06
1.0676e+06
1.0727e+06
1.0693e+06
1.1017e+06
1.117e+06
1.0795e+06
1.0677e+06
1.1033e+06
1.1094e+06
1.0997e+06
1.1008e+06
1.255e+06
1.1365e+06
1.1109e+06
1.1531e+06
1.183e+06
1.16e+06
1.1504e+06
1.1747e+06
1.1903e+06
1.1506e+06
1.1822e+06
1.1804e+06
1.1904e+06
1.2062e+06
1.7165e+06
1.7347e+06
1.2168e+06
1.2257e+06
1.1815e+06
1.183e+06
1.217e+06
1.3835e+06
1.4038e+06
1.2066e+06
1.2031e+06
1.2371e+06
1.2997e+06
1.6253e+06
1.3628e+06
1.1635e+06
1.1328e+06
1.1565e+06
1.1439e+06
1.1634e+06
1.2316e+06
1.208e+06
1.1549e+06
1.1935e+06
1.1747e+06
1.1606e+06
1.3766e+06
1.8239e+06
1.3655e+06
1.325e+06
1.3991e+06
1.339e+06
1.4596e+06
1.2999e+06
1.3214e+06
1.3471e+06
1.3283e+06
1.3332e+06
2.0774e+06
1.4252e+06
1.3903e+06
1.4759e+06
1.2697e+06
1.2537e+06
1.2782e+06
1.2795e+06
1.3187e+06
1.3068e+06
1.2767e+06
1.286e+06
1.3188e+06
1.5052e+06
1.4879e+06
1.3334e+06
1.3203e+06
1.3346e+06
1.3349e+06
1.3105e+06
1.2934e+06
1.3118e+06
1.3674e+06
1.357e+06
1.4629e+06
1.6071e+06
1.3744e+06
1.3362e+06
1.3462e+06
1.4963e+06
1.4372e+06
1.3578e+06
1.341e+06
1.3878e+06
1.3917e+06
1.4851e+06
1.67e+06
1.5894e+06
1.6265e+06
1.5409e+06
1.5736e+06
1.5435e+06
1.5564e+06
1.4074e+06
1.4535e+06
1.5158e+06
1.4559e+06
1.917e+06
1.4215e+06
1.502e+06
1.5225e+06
1.4783e+06
1.512e+06
1.4456e+06
1.4447e+06
1.4538e+06
1.5776e+06
1.5844e+06
1.7157e+06
1.5044e+06
1.4694e+06
1.5667e+06
1.5352e+06
1.5288e+06
1.5117e+06
1.4726e+06
1.7339e+06
1.4946e+06
1.5792e+06
1.8343e+06
1.6342e+06
1.6808e+06
1.6724e+06
1.6613e+06
1.7172e+06
1.7405e+06
1.7243e+06
1.7345e+06
1.7829e+06
1.9174e+06
1.8384e+06
1.5879e+06
1.5862e+06
1.6129e+06
1.5531e+06
1.6573e+06
1.5666e+06
1.6391e+06
1.6658e+06
1.832e+06
1.6597e+06
1.5773e+06
1.6272e+06
1.5757e+06
1.5908e+06
1.7187e+06
1.755e+06
1.7307e+06
2.0555e+06
2.107e+06
1.6162e+06
1.6229e+06
1.6261e+06
1.6908e+06
2.067e+06
1.6556e+06
1.6699e+06
1.697e+06
2.5147e+06
2.0246e+06
2.7657e+06
2.0908e+06
1.8487e+06
1.6686e+06
1.9225e+06
2.0815e+06
2.5931e+06
2.176e+06
1.8289e+06
2.0837e+06
1.7137e+06
1.7761e+06
1.7791e+06
1.7923e+06
3.2578e+06
1.7228e+06
1.7425e+06
1.8439e+06
2.2484e+06
1.7878e+06
1.7814e+06
1.7847e+06
2.1164e+06
2.3017e+06
2.0474e+06
1.9622e+06
1.9969e+06
1.9459e+06
2.0129e+06
1.8309e+06
2.3078e+06
2.4284e+06
1.9961e+06
2.1508e+06
1.8952e+06
1.8351e+06
1.7952e+06
1.8016e+06
1.797e+06
2.4151e+06
2.0317e+06
2.0838e+06
2.0144e+06
2.0497e+06
2.0667e+06
2.0396e+06
2.1022e+06
2.1519e+06
1.8844e+06
1.9081e+06
1.8902e+06
1.9167e+06
1.8876e+06
1.9352e+06
1.875e+06
2.0536e+06
2.1988e+06
2.1512e+06
2.1861e+06
2.1924e+06
2.1311e+06
2.13e+06
2.1278e+06
2.2414e+06
2.2228e+06
2.1408e+06
2.0945e+06
2.2051e+06
2.1585e+06
2.165e+06
2.3614e+06
2.2889e+06
2.2812e+06
2.1222e+06
2.1654e+06
2.2021e+06
2.2366e+06
2.2373e+06
2.4081e+06
2.0657e+06
2.0366e+06
2.0587e+06
2.0705e+06
2.0809e+06
2.0361e+06
2.0937e+06
2.8133e+06
2.0618e+06
2.0065e+06
2.0726e+06
2.2107e+06
2.3401e+06
2.4826e+06
2.6149e+06
2.7095e+06
2.1018e+06
2.0563e+06
2.1739e+06
2.1214e+06
2.081e+06
2.2454e+06
3.1129e+06
2.2843e+06
2.3238e+06
2.2693e+06
2.3618e+06
2.3224e+06
2.4187e+06
2.7712e+06
2.3592e+06
2.3301e+06
2.2778e+06
2.3792e+06
2.3745e+06
2.5316e+06
2.4363e+06
2.3909e+06
2.3958e+06
2.3611e+06
2.3194e+06
2.3861e+06
3.2096e+06
2.4686e+06
2.38e+06
2.4275e+06
2.3433e+06
2.4561e+06
2.4542e+06
2.9318e+06
2.6687e+06
2.6812e+06
2.7049e+06
2.6543e+06
2.6742e+06
3.524e+06
2.5021e+06
2.4587e+06
2.5172e+06
2.4963e+06
2.4384e+06
2.7509e+06
2.4594e+06
2.404e+06
2.2749e+06
2.2955e+06
2.3064e+06
2.3605e+06
2.5909e+06
2.5168e+06
2.5666e+06
2.4646e+06
2.6135e+06
2.5346e+06
2.4798e+06
2.8178e+06
2.6347e+06
2.591e+06
2.61e+06
2.6069e+06
2.5374e+06
2.8263e+06
2.5699e+06
2.516e+06
2.5403e+06
2.6318e+06
2.6554e+06
2.8805e+06
2.8818e+06
2.5847e+06
2.5883e+06
2.6817e+06
2.6054e+06
2.5638e+06
2.9078e+06
2.7971e+06
2.6583e+06
2.6555e+06
2.666e+06
2.7359e+06
3.4002e+06
2.6858e+06
2.7102e+06
2.6699e+06
2.6916e+06
2.7879e+06
3.204e+06
2.6765e+06
2.7287e+06
2.6861e+06
2.6771e+06
2.7097e+06
3.0919e+06
2.7382e+06
2.8286e+06
2.7064e+06
2.7844e+06
2.7335e+06
6.7565e+06
3.3607e+06
3.4716e+06
3.2474e+06
3.6652e+06
2.8035e+06
2.9371e+06
3.0865e+06
3.2362e+06
6.0073e+06
4.814e+06
4.2697e+06
3.4083e+06
2.8832e+06
3.2469e+06
2.8489e+06
3.0773e+06
2.9571e+06
4.0329e+06
3.0662e+06
3.1062e+06
3.1342e+06
2.9042e+06
2.9871e+06
3.0005e+06
2.9195e+06
3.0849e+06
3.5613e+06
3.1422e+06
2.999e+06
2.972e+06
2.8913e+06
3.7708e+06
3.3916e+06
2.8916e+06
2.8895e+06
2.8402e+06
2.9003e+06
2.9145e+06
3.2264e+06
3.0642e+06
2.9714e+06
2.9499e+06
2.983e+06
2.9888e+06
3.5499e+06
2.8972e+06
2.9849e+06
2.9447e+06
2.9528e+06
3.504e+06
2.9447e+06
2.9921e+06
3.0167e+06
2.8922e+06
3.1627e+06
2.9399e+06
2.715e+06
2.9078e+06
2.9828e+06
2.8508e+06
3.7268e+06
2.9463e+06
2.9411e+06
2.9596e+06
2.8416e+06
2.9285e+06
3.1108e+06
2.9625e+06
3.0356e+06
2.9862e+06
2.9662e+06
3.3045e+06
3.0354e+06
3.0483e+06
3.0721e+06
3.0944e+06
3.196e+06
3.1087e+06
2.8834e+06
3.0768e+06
3.0543e+06
2.9997e+06
3.1453e+06
2.9007e+06
3.0344e+06
2.9785e+06
3.0581e+06
3.2086e+06
3.2341e+06
3.1869e+06
3.1641e+06
3.2881e+06
3.2138e+06
3.549e+06
3.2313e+06
3.1801e+06
3.1578e+06
3.1489e+06
3.9094e+06
3.6775e+06
3.4017e+06
2.9242e+06
2.8593e+06
3.9213e+06
4.2446e+06
3.3426e+06
2.9799e+06
3.1942e+06
3.5299e+06
2.9312e+06
3.0607e+06
2.9644e+06
2.9789e+06
4.1496e+06
3.1781e+06
3.1803e+06
2.8937e+06
2.923e+06
3.5125e+06
3.0235e+06
3.057e+06
2.9242e+06
3.0357e+06
4.0404e+06
3.5243e+06
3.3097e+06
3.0585e+06
3.0239e+06
4.2472e+06
3.0408e+06
3.2047e+06
3.0354e+06
3.1648e+06
3.9619e+06
3.0413e+06
3.0653e+06
3.0486e+06
3.1e+06
3.5927e+06
3.6949e+06
3.0602e+06
2.9688e+06
3.0636e+06
3.991e+06
3.6301e+06
3.6812e+06
3.7946e+06
3.7199e+06
4.5839e+06
3.0936e+06
3.0115e+06
3.192e+06
3.1832e+06
3.523e+06
3.1369e+06
3.1636e+06
3.0971e+06
3.1676e+06
3.6484e+06
3.4339e+06
3.4587e+06
3.4695e+06
3.5673e+06
3.6514e+06
3.4754e+06
3.4343e+06
3.5382e+06
3.6578e+06
3.5963e+06
3.6178e+06
3.4924e+06
3.4574e+06
3.8041e+06
3.2147e+06
3.2161e+06
3.4003e+06
3.2149e+06
3.643e+06
3.2253e+06
3.1473e+06
3.1228e+06
3.2364e+06
3.4924e+06
3.2463e+06
3.347e+06
3.1832e+06
3.1897e+06
4.0665e+06
4.0154e+06
3.5285e+06
3.3036e+06
3.5344e+06
3.8787e+06
3.5513e+06
3.5247e+06
3.5866e+06
3.9945e+06
3.3477e+06
3.3752e+06
3.3127e+06
3.3528e+06
3.5771e+06
3.33e+06
3.3579e+06
3.3361e+06
3.2561e+06
4.2369e+06
3.5829e+06
3.5905e+06
3.7049e+06
3.723e+06
3.7055e+06
3.7915e+06
3.6967e+06
3.7875e+06
3.7183e+06
3.3935e+06
3.5534e+06
3.7931e+06
4.2689e+06
3.8467e+06
3.7114e+06
3.6423e+06
3.7604e+06
4.3185e+06
3.7746e+06
3.8115e+06
3.8229e+06
4.5788e+06
3.7904e+06
3.8532e+06
3.8579e+06
4.6386e+06
3.5142e+06
3.5093e+06
3.4335e+06
3.951e+06
4.0499e+06
4.1626e+06
4.2978e+06
4.3491e+06
4.1479e+06
4.1894e+06
4.1856e+06
4.2939e+06
4.0565e+06
3.9124e+06
3.7878e+06
4.3256e+06
4.2518e+06
4.2733e+06
4.2482e+06
4.4449e+06
4.261e+06
4.1839e+06
4.2908e+06
4.8815e+06
3.9948e+06
3.8804e+06
3.8809e+06
4.3832e+06
4.0946e+06
3.9915e+06
3.9078e+06
4.1502e+06
4.1842e+06
3.8632e+06
3.911e+06
4.6697e+06
4.7851e+06
3.9674e+06
3.9701e+06
4.6655e+06
4.3657e+06
4.3749e+06
4.3264e+06
4.8467e+06
4.4643e+06
4.4277e+06
4.4809e+06
4.6344e+06
3.9149e+06
3.8884e+06
3.977e+06
4.545e+06
4.2142e+06
4.0085e+06
4.0952e+06
4.3559e+06
4.0745e+06
4.1634e+06
4.1407e+06
4.207e+06
3.94e+06
3.9621e+06
4.0747e+06
4.0195e+06
4.0487e+06
4.0628e+06
4.1471e+06
4.1626e+06
3.9834e+06
4.042e+06
4.078e+06
4.2242e+06
4.5221e+06
4.4328e+06
4.6197e+06
4.5232e+06
4.52e+06
4.4943e+06
4.6248e+06
4.5008e+06
4.4863e+06
4.5505e+06
4.3825e+06
4.5666e+06
4.628e+06
4.3199e+06
4.4314e+06
4.6634e+06
4.4788e+06
4.6702e+06
4.0885e+06
4.0692e+06
4.6729e+06
4.1701e+06
4.2707e+06
4.6268e+06
4.2449e+06
4.1265e+06
4.1767e+06
4.2652e+06
4.1758e+06
4.2056e+06
4.1608e+06
4.1303e+06
3.7659e+06
3.8763e+06
3.897e+06
3.9253e+06
3.8864e+06
3.9702e+06
4.0391e+06
3.9427e+06
3.8556e+06
3.9373e+06
4.4731e+06
4.6726e+06
4.7797e+06
4.6505e+06
4.7088e+06
4.1078e+06
3.9889e+06
3.9955e+06
3.8697e+06
4.074e+06
4.0723e+06
4.0092e+06
4.3457e+06
3.9343e+06
4.2554e+06
4.2139e+06
4.1118e+06
3.9972e+06
4.0325e+06
4.0392e+06
4.0417e+06
4.0607e+06
4.0558e+06
4.0256e+06
4.0467e+06
3.9931e+06
4.0503e+06
4.0422e+06
4.2284e+06
4.1004e+06
3.9647e+06
4.0264e+06
4.11e+06
3.9964e+06
3.9611e+06
4.0514e+06
