100
800
200
300
200
200
300
300
400
400
500
500
500
600
700
700
700
800
800
900
900
900
1000
1100
1100
1100
1200
1300
1300
1300
1300
1400
1500
1500
1500
1600
1600
1700
1700
1700
1800
1900
1900
1900
1900
2000
2000
2100
2200
2200
2300
2300
2300
2400
2400
2500
2500
2500
2600
2700
2700
2800
2800
2800
2900
2900
3000
3000
3100
3100
3100
3100
3200
3300
3300
3400
3400
3400
3500
3500
3600
3700
3700
3800
3800
3900
3900
3900
4000
4000
4100
4100
4100
4200
4200
4300
4300
4300
4400
4500
4500
4600
4600
4600
4600
4700
4800
4800
4800
4900
4900
5000
5000
5100
5100
5100
5300
5200
5300
5300
5300
5400
5500
5600
5600
5600
5700
5700
5800
5800
5900
5900
5900
6000
6000
6000
6100
6100
6100
6200
6200
6300
6300
6400
6400
6500
6500
6600
6600
6600
6700
6800
6800
6900
6900
6900
7000
7000
7000
7100
7200
7200
7300
7300
7300
7400
7400
7400
7500
7600
7600
7700
7700
7700
7800
7800
7900
7900
8000
8000
8100
8100
8200
8200
8200
8200
8300
8400
8400
8500
8500
8500
8600
8600
8700
8700
8700
8800
8900
8900
9000
9000
9000
9100
9100
9200
9200
9400
9300
9300
9400
26400
10200
10000
9900
10100
16200
10800
10500
10600
10700
10700
10600
10900
10900
10800
11100
11100
11000
11200
11200
11300
11300
11100
11400
11500
11400
11500
11700
11600
11800
11900
11800
11900
11800
12000
12000
11900
12100
12100
12300
12200
12000
12400
12500
12600
12600
12400
12500
12600
12600
12600
12700
12900
12800
13000
13000
13100
13000
13000
13200
13300
13200
13000
13300
13300
13400
13500
13700
13500
13500
13600
13700
13700
13800
14200
14100
13900
14100
14200
14100
13900
13900
13800
14200
13800
14100
14200
14200
14200
14500
14200
14500
14500
14600
14600
14700
14600
15000
15000
14700
14800
15100
14900
15100
15000
15000
15100
15100
15300
15200
15100
15200
15400
15300
15600
15500
15600
15800
15600
15600
15700
15600
16100
15600
15900
16100
15900
16000
16100
16100
16000
16400
16300
22300
16800
17000
16900
16700
16900
16900
17000
16900
16800
17000
17000
17200
17200
17200
17100
17400
17400
17700
17400
17700
17600
17700
18200
17900
18000
17800
17900
17900
18300
18100
18000
18000
18000
18200
18300
18200
18600
18600
18600
18500
18500
18700
18600
18700
18800
19000
18900
19200
18800
19000
19100
19100
19200
19300
19400
19200
19400
19300
19500
19300
19500
19600
19700
19800
19700
20000
19700
20200
20100
20500
20100
20500
20500
19900
20000
20700
20200
20000
19600
19700
19900
19700
19800
19800
20100
19900
20000
20200
20100
20200
20400
20400
20400
20500
20500
20600
20600
20700
20800
20800
20500
21000
20600
20800
24000
19800
19800
19800
19900
19900
19900
20000
20000
20000
20100
20200
20200
20200
20300
20400
20400
20500
20400
20500
20500
20600
20700
20700
20700
20800
20800
20900
20900
21000
20900
21000
21100
21000
21100
21200
21200
21200
21300
21400
21400
21500
21500
21500
21600
21700
21700
21700
21900
21800
22000
22000
22000
22000
22100
22000
22100
22100
22200
22300
22300
22300
22300
22400
22400
22600
22600
22500
22600
22700
22800
22800
22900
22900
23000
22900
23000
23100
23000
23100
23100
23200
23300
23300
23400
23300
23400
23500
23500
23600
23600
23700
27600
24000
24100
24100
24200
24200
24300
24300
24300
24400
24400
24400
24500
24600
24600
24700
24700
24700
24800
24800
24800
25100
24900
25000
25000
25200
25100
25200
25200
25300
25300
25400
25400
25400
25500
25500
25600
25600
25700
25700
25700
25800
25800
25900
25900
25900
26000
26000
26100
26200
26200
26200
26300
26400
26400
26400
26400
26500
26600
26600
26700
26700
26700
26800
26700
27000
26900
26900
27000
27100
27100
27100
27200
27300
27300
27300
27400
50000
29800
30200
29900
30100
30000
30000
30100
30500
30300
30800
30600
30300
30400
30300
30400
30700
30700
30800
31000
31000
30800
31000
30900
31100
31000
31000
31400
31700
31100
31200
31100
31100
31100
31400
31500
31400
31700
31700
31900
31700
31900
31700
31900
32000
31700
32100
32300
31900
32200
32400
32000
32600
32300
32600
32700
32600
32400
32200
32400
32400
32900
32800
36600
30300
30300
30300
30400
30400
30700
30500
30600
30500
30700
30600
30700
30800
30800
30800
30900
31000
31000
31000
31000
31100
31200
31200
31200
31200
31300
31500
31400
31600
31500
31600
31600
32000
31800
31700
31700
31900
31900
31900
32000
32000
31900
32100
32200
32300
32200
32300
32300
32400
32400
32500
32500
32500
32500
32600
32700
32800
32700
32800
32800
32900
32900
33000
37200
33100
33100
33200
33200
33300
33300
33400
33400
33500
33600
33600
33600
33700
33700
33700
33800
33900
33900
33900
33900
34000
34100
34100
34200
34200
34300
34300
34300
34300
34400
34500
34500
34600
34700
34600
34600
34700
34900
34800
34800
34900
34900
35000
35100
35100
35100
35100
35200
35300
35500
35400
35400
35400
35400
35500
35500
35500
40100
37100
37200
37200
37300
37100
37000
37300
37800
37300
37400
37400
37500
37700
37600
37700
37700
37800
37900
37800
38100
37900
37600
38300
38200
38100
38300
38200
38300
38200
38600
38400
38800
38300
38400
38700
38900
38900
38800
72300
37500
37500
37600
37600
37700
37800
37800
37800
37800
37900
37900
38000
51000
38000
38000
38000
38000
38100
38200
38200
38200
38300
38400
38400
38400
38500
38600
38600
38600
38700
38700
38700
38700
38800
38900
38900
38900
39000
39100
39100
39000
39100
39200
39300
39300
39300
39400
39400
39400
39500
39600
39600
39700
39700
39700
39700
39800
39900
40000
40000
40100
40100
40100
44100
40000
40000
40100
40100
40100
40200
40200
40300
40300
40300
40400
40400
40500
40600
40700
40600
40600
40700
40700
40800
40900
40900
40900
41000
41000
41000
41100
41100
41200
41200
41400
41300
41300
41400
41400
41500
41500
41600
41600
41800
41700
44100
41500
41500
41600
41700
41700
41900
41800
41800
41900
42000
42000
42100
42000
42100
42100
42300
42200
42300
42300
42400
42400
42500
42500
42600
42600
42600
42700
42900
42800
42900
42900
42900
43000
43000
43000
43000
43100
43100
43200
43300
47300
43800
43800
43900
43900
44000
44100
44000
44000
44100
44200
